154
597
1102
1964
2374
2690
3594
4358
4668
5063
5596
6290
6500
7437
7914
8344
8658
9313
9532
10400
10531
11031
11560
12344
12729
13432
14138
15045
15504
16421
16675
17042
17791
18371
18633
19047
19739
20158
20705
21077
21832
22060
22924
23244
23661
24418
25559
27035
27828
28019
29007
30041
30805
31345
31607
32324
32604
33282
33647
34051
34834
35206
35932
36157
37171
37766
38411
38952
39104
39712
40448
40848
41462
41614
42021
42772
43042
43938
44271
44535
45444
45829
46124
46654
47409
47559
48075
48633
49437
49744
50066
50836
51071
51965
52040
52638
53063
53622
54161
54712
55193
55937
56280
57524
58011
58826
59373
59722
60308
60883
61417
61886
62110
62809
63163
63785
64021
64824
65050
65632
66422
66582
67670
68344
68647
69705
70215
70906
71460
71509
72431
72531
73183
73650
74435
74863
75257
75648
76448
76808
77726
78287
78948
79406
79849
80425
80622
81469
81631
82367
82548
83508
84470
84568
85357
85858
86347
86597
87091
87850
88461
88558
89140
89901
90020
90559
91414
91583
92019
92620
93031
93597
94342
94569
95368
95810
96212
96566
97300
97518
98197
98905
99092
99971
100276
100852
101363
101934
102246
102743
103000
103558
104095
105312
105532
106379
106628
107122
107778
108183
108928
109241
109551
110230
110633
111956
112427
112563
113453
113642
114081
114682
115361
115749
116432
116955
117180
117778
118422
118946
119415
119761
120055
120963
121133
121758
122184
122551
123574
124023
124641
125207
125671
126111
126551
127392
127581
128231
129212
129812
130359
130943
131290
131546
132320
132702
133428
133827
134728
135347
135648
136313
136904
137198
137928
138149
138927
139430
139946
140386
140847
141170
141507
142200
142546
143000
143804
144813
145128
145946
146011
146587
147239
147960
148359
148848
149401
150302
150817
151050
151729
152321
152766
153041
153915
154331
154682
155071
155727
156226
156654
157373
157827
158244
158895
159162
159924
160361
160692
161112
161839
162465
162529
163098
163541
164132
164917
165273
165947
166447
166599
167021
167672
168360
168586
169078
169670
170124
170833
171423
171523
172298
172972
173456
173689
174372
174703
175089
175857
176290
176546
177282
177704
178105
178666
179190
179653
180280
180924
181245
181770
182006
182861
183096
183638
184051
184967
185101
185753
186338
186830
187222
187741
188149
188813
189470
189584
190408
190918
191248
191643
192364
192594
193308
193972
194170
195072
195697
196290
196683
197447
197659
198036
198677
199253
199506
200378
200604
201332
201787
202171
202593
203023
203516
204267
204846
205468
205713
206383
206714
207037
207886
208291
208969
209041
209921
210317
210967
211409
211566
212252
212591
213911
214181
214833
215234
215622
216409
216612
217311
217613
218036
218580
219166
219770
220128
220513
221070
221816
222358
222972
223020
223903
224374
224643
225228
225749
226187
226644
227200
227874
228214
228669
229223
229576
230348
230752
231412
231507
232109
232537
233305
233863
234179
234866
235276
235760
236154
236934
237445
237613
238293
238655
239047
239857
240361
240796
241280
241909
242278
242520
243267
243606
244367
244920
245429
245890
246470
246888
247324
247632
248218
248666
249250
249579
250243
250847
251353
251700
252472
252559
253067
253928
254426
254811
255298
255525
256018
256717
257465
257825
258061
258698
259188
259840
260464
260786
261310
261800
262941
263268
263516
264096
264659
265294
266305
266859
267280
267640
268011
268794
269435
269948
