153041 55193 3
20158 25559 1
199253 50066 3
129212 8344 1
135648 126111 2
119415 121758 3
152766 251700 2
207886 211566 3
153915 199506 1
73183 24418 1
168360 43042 1
146587 218036 1
11031 111956 1
113453 231412 2
62809 171423 1
220128 234179 3
86597 115749 1
42772 162465 2
95810 53622 3
89140 59722 2
75648 163098 1
60308 84568 1
85858 205468 1
231507 65050 3
124641 597 2
208969 201332 2
185101 121133 3
174372 118946 1
212252 53063 1
234866 6500 1
179653 220513 1
133827 218580 1
56280 198036 1
181770 232109 3
132702 242278 2
5596 221070 1
127392 265294 2
44271 37766 2
207037 182861 1
177704 127581 2
165947 97518 1
267280 254426 1
249579 149401 2
197659 261310 3
142546 222358 1
229576 169078 3
257465 31607 1
124023 150817 3
216612 106628 3
166447 202171 1
32604 102246 1
34834 160361 2
167021 160692 3
40848 93031 1
3594 230348 1
85357 268011 1
190408 87850 3
235276 4358 3
167672 4668 1
266859 235760 2
74435 94342 3
192594 105532 2
201787 28019 2
152321 125207 1
68647 256018 1
34051 244367 1
214181 224643 1
263516 94569 3
78948 32324 2
93597 79849 2
136904 213911 1
208291 269948 2
184051 30805 3
42021 14138 3
114081 2374 2
174703 135347 1
137928 2690 1
78287 221816 2
74863 204846 1
67670 11560 1
39104 10531 1
193972 7914 3
248218 158244 3
103558 37171 3
239857 130359 3
45829 194170 1
166599 108928 1
260464 247324 3
88461 259188 1
215234 112427 1
238655 133428 2
30041 175089 3
250847 254811 3
90020 59373 3
172972 36157 2
188149 101363 1
233305 239047 3
162529 49744 3
171523 147239 3
51965 164917 2
249250 169670 3
184967 51071 3
9532 142200 3
107778 80425 3
87091 82548 2
137198 259840 3
91583 47559 3
129812 266305 3
38411 176546 1
141170 77726 2
55937 212591 1
1102 223020 1
119761 9313 3
80622 253928 2
176290 16675 2
63163 130943 2
57524 181245 1
170833 96212 1
209921 64021 3
92019 226644 3
66422 145128 1
62110 209041 1
161112 156226 2
75257 103000 1
219770 98905 1
70215 245890 1
18633 245429 3
226187 193308 1
138149 125671 2
73650 18371 1
258061 23661 2
35206 108183 1
187222 187741 2
118422 41614 3
19047 159162 3
16421 203023 1
186830 241280 3
117778 15045 2
183096 161839 3
86347 183638 1
188813 76448 3
115361 58011 2
267640 189470 1
191643 116955 1
215622 102743 1
116432 229223 3
110633 126551 1
140386 38952 3
12729 117180 2
120963 71509 1
61886 91414 1
227874 216409 2
21832 148359 3
195072 44535 1
230752 177282 3
7437 155071 2
223903 268794 2
123574 88558 1
46654 64824 2
256717 61417 3
82367 84470 2
8658 185753 1
60883 192364 1
76808 128231 1
140847 195697 1
170124 269435 1
219166 134728 2
257825 225749 1
10400 175857 2
159924 145946 2
122184 246470 1
1964 228669 2
69705 151729 2
154682 43938 2
100276 236154 1
258698 148848 1
158895 237613 2
99092 243267 3
45444 165273 3
139946 6290 1
202593 48075 3
143804 19739 2
260786 33647 1
22060 146011 1
29007 113642 3
217613 217311 3
227200 68344 2
120055 35932 3
233863 200604 3
72431 101934 2
12344 23244 1
240361 154 1
203516 109241 3
196290 232537 2
54161 205713 1
186338 163541 2
264659 97300 1
196683 138927 3
52040 252559 3
52638 240796 1
